<Term '光 密度' freq=99 documents=46 tscore=0.842425 mscore=0.219300>
	2002/CN1359370A	294 623 661
	2007/CN1308037C	151 166 174 178 183 199 203 485
	2005/CN1208763C	157
	2005/CN1192037C	218
	2001/CN1321097A	67 1325 1329 1337
	2008/CN101130071A	879
	2005/CN1196166C	230 230 233 326
	2004/CN1166520C	92
	2002/CN1360630A	351
	2007/CN100354727C	137
	2008/CN100432055C	1145
	2007/CN1908170A	328 445
	2003/CN1121621C	28 73
	2002/CN1367694A	575
	2002/CN1348467A	144 183 185
	2002/CN1374970A	219
	2003/CN1411512A	536 769 964
	2005/CN1229172C	317 318
	2002/CN1387567A	270
	2005/CN1214207C	9 120
	2005/CN1196305C	213
	2001/CN1283521A	227
	2002/CN1382156A	1592
	2003/CN1131856C	410
	2001/CN1315176A	144
	2005/CN1229370C	307
	2004/CN1175113C	88
	2003/CN1113694C	231
	2001/CN1308250A	14 16
	2004/CN1177785C	106
	2006/CN1262408C	767
	2003/CN1391650A	36
	2008/CN100408576C	514
	2001/CN1321221A	84 1339 1342 1350
	2001/CN1321222A	71 1385 1387 1393
	2006/CN1734230A	56
	2005/CN1227339C	7 115 171
	2005/CN1199704C	47 1353 1355 1361
	2002/CN1378543A	582 602 628
	2003/CN1434923A	72 78 648
	2004/CN1147546C	201 203 210 212 220 225 228
	2000/CN1265477A	270
	2006/CN1721985A	767
	2001/CN1312339A	181 183 188 190 198 201 204
	2006/CN1769282A	908 958
	2002/CN1371283A	33 92
<Term '系统 时钟' freq=99 documents=32 tscore=0.863792 mscore=0.338800>
	2002/CN1377551A	175
	2000/CN1271910A	65
	2002/CN1353852A	233
	2004/CN1153210C	45 73
	2003/CN1126359C	44 47 61 79 168 207 252
	2005/CN1212015C	18
	2005/CN1199475C	103 129
	2004/CN1168199C	114 117
	2002/CN1387646A	71 99 117
	2002/CN1376373A	47
	2005/CN1214552C	59 59 70 99 115 118 139
	2004/CN1158766C	7
	2001/CN1300019A	210 232 232 234 327 365 365
	2003/CN1131595C	137
	2002/CN1345497A	34 497 500 502 505 511 529 558 1140 1152 1159 1170 1386 1497 1576
	2004/CN1479979A	804
	2002/CN1361639A	89
	2003/CN1409856A	12 112 114
	2001/CN1321389A	118
	2003/CN1409896A	133
	2004/CN1152372C	153 282
	2000/CN1271164A	297
	2006/CN1241436C	83
	2006/CN1271840C	175
	2004/CN1173474C	13 13 33 45 49 53 55 74 174 201
	2002/CN1334674A	24 42 175 188
	2002/CN1349715A	11 99 125 176 252
	2005/CN1205560C	414
	2002/CN1350663A	71 71 71
	2000/CN1272628A	53 75 98 111
	2004/CN1533154A	51 54 68 86 172 211 256
	2005/CN1233097C	129
<Term '循环 系统' freq=99 documents=47 tscore=0.658076 mscore=0.282500>
	2001/CN1288754A	50 108 109
	2001/CN1281821A	7
	2007/CN1951410A	23 399 1099
	2003/CN1118669C	10 73 105 107 171
	2008/CN101219213A	212 214
	2001/CN2458540Y	4
	2003/CN1391468A	192
	2008/CN100438910C	25
	2008/CN100388613C	66 145 147 153 205 256
	2008/CN101181272A	12
	2003/CN1114764C	5
	2003/CN1114431C	50
	2005/CN1189168C	463
	2001/CN2432531Y	5
	2003/CN1118281C	45
	2002/CN1387542A	83
	2003/CN1434816A	7
	2004/CN1515590A	28 33
	2003/CN1411512A	395
	2002/CN1364213A	7
	2003/CN1131856C	438
	2001/CN1280211A	28
	2002/CN1359301A	980
	2006/CN1256076C	11 16 101 315 317 320 321 322
	2002/CN1339108A	85
	2006/CN1287147C	89
	2003/CN1119158C	265
	2001/CN1290703A	308
	2002/CN1333290A	18 220 224
	2001/CN2441137Y	33
	2001/CN1303947A	14
	2004/CN1147492C	403
	2001/CN2449692Y	15 18 22
	2003/CN1421037A	59
	2002/CN1360503A	9
	2011/CN101406392B	36
	2008/CN100435848C	50 108 109
	2001/CN1327046A	6
	2005/CN1209549C	30 46 46 46 216 274 417 417 421 445 447 447 447 447 452 452 452 456 456 456 456 458
	2002/CN1338032A	37
	2001/CN2421592Y	12 18 25
	2003/CN1402834A	464
	2002/CN1355049A	29 62
	2000/CN2404505Y	23
	2002/CN1345238A	4
	2002/CN1362884A	25
	2001/CN1308879A	7
<Term '控制器 芯片' freq=99 documents=34 tscore=0.999894 mscore=0.000000>
	2002/CN1379889A	1120 1132 1136
	2002/CN1369072A	1111 1123 1127
	2005/CN1214284C	1088 1100 1104
	2005/CN1192896C	15 48 56 139 153 154 157 397 523
	2007/CN100338561C	1073 1085 1089
	2002/CN1363073A	1038 1050 1054
	2002/CN1353849A	1006 1018 1022
	2011/CN101076161B	284
	2004/CN1177501C	562
	2002/CN1353845A	1079 1091 1095
	2002/CN1367893A	1030 1042 1046
	2002/CN1351725A	1017 1029 1033
	2002/CN1364253A	1012 1024 1028
	2002/CN1361899A	1086 1098 1102
	2004/CN1515989A	1053 1065 1069
	2007/CN1310125C	1132 1144 1148
	2008/CN100375119C	1138 1150 1154
	2005/CN1704894A	1144 1156 1160
	2010/CN1351725B	934 945 949
	2005/CN1689814A	46
	2004/CN1175372C	1070 1082 1095
	2009/CN100573438C	1082 1094 1098
	2008/CN100375494C	1124 1136 1140
	2007/CN100339228C	1142 1154 1158
	2002/CN1359505A	1098 1110 1114
	2010/CN1359505B	927 938 942
	2006/CN1291347C	1082 1094 1098
	2009/CN100473066C	71
	2008/CN100359456C	1098 1110 1114
	2002/CN1361884A	1013 1025 1029
	2002/CN1351730A	1036 1048 1052
	2002/CN1364118A	1063 1075 1079
	2010/CN1812474B	987 991
	2006/CN1246765C	1075 1087 1091
<Term '通信 模块' freq=99 documents=18 tscore=0.910187 mscore=0.278400>
	2004/CN1164068C	2 19 38 51 91
	2008/CN100389563C	484 626 1399 1402 1403 1418
	2002/CN1353849A	2 2 3 7 22 24 27 1259 1261 1269 1288
	2006/CN1241082C	137 138 141
	2003/CN1130879C	5 5 43 43 44 45 45 46 119 124 142 143 149 188 188 189 220 220 221
	2001/CN2426993Y	33
	2009/CN100474474C	350 352 353 354 355
	2001/CN1324022A	24 35
	2004/CN1143215C	30 43
	2002/CN1360791A	126
	2000/CN1276663A	15 29 34 49
	2001/CN1309487A	476 615 1386 1389 1390 1405
	2001/CN1297301A	2 16 31 44 84
	2005/CN1674026A	348 379 380
	2002/CN1358136A	38 112 113 114 116 195 196 197 199
	2002/CN1371494A	136 137 140
	2000/CN1271213A	2 12 26 130 131
	2009/CN100467276C	26 100 101 102 104 183 184 185 187
<Term '电动 机轴' freq=99 documents=20 tscore=0.905381 mscore=0.253600>
	2001/CN1313474A	23
	2002/CN1387668A	19 26
	2000/CN2411057Y	19
	2001/CN2421822Y	5 8 12
	2001/CN1319034A	9
	2001/CN2459817Y	17 23 43
	2005/CN1206787C	11 15 33 52 62 70 79 81 81 87 89 95 95 106 120 122 124 126 126 137
	2001/CN2448280Y	11 13
	2000/CN2409369Y	23
	2001/CN2414463Y	6 29
	2001/CN1318219A	10
	2001/CN2433090Y	26
	2004/CN1153885C	13 14 62 64 89 116
	2001/CN2454981Y	5
	2002/CN1356237A	41
	2001/CN1302958A	8 10 10 29 33 35 35 38
	2001/CN2435251Y	2 11 35
	2001/CN1288282A	9
	2005/CN1192468C	4 17 19 20 21 25 28 29 30 36 36 39 46 46 47 58 58 64 67 72 99 104 106 114 123 124 144 144 154 158 163 164 167 175 181 187 195
	2001/CN2420932Y	2 13 23 30
<Term '硅氧烷 聚合物' freq=100 documents=19 tscore=0.999776 mscore=0.181400>
	2002/CN1134498C	20 65 67
	2005/CN1191175C	135
	2002/CN1349556A	100
	2002/CN1353735A	2 18 19 26
	2003/CN1415123A	169
	2002/CN1346364A	212
	2005/CN1198567C	257
	2002/CN1354776A	126 130 131
	2001/CN1286976A	143 143 188
	2008/CN101302500A	275 296
	2005/CN1191305C	16 17 37 39 45 46 46 60 113 139
	2005/CN1229477C	118
	2002/CN1384857A	8 9
	2005/CN1205912C	36
	2003/CN1420742A	769
	2002/CN1339164A	98 101 112
	2002/CN1357021A	0 2 2 2 3 9 28 30 34 35 41 47 69 71 75 82 88 92 93 97 100 140 149 153 154 155 156 193 194 196 196 198 198 200 200 203 204 211 218 232 245 248 250 251 269 270 272 316 330 338 349 354 400 431 434
	2003/CN1435076A	113
	2001/CN1293028A	72 74 75 77 83 90
<Term '电子 组件' freq=100 documents=22 tscore=0.691788 mscore=0.192100>
	2001/CN2418549Y	6
	2004/CN1177518C	0 2 7 25 33 57 58 61 87
	2008/CN100388613C	409
	2001/CN1294996A	2 2 2 3 5 5 7 47 48 65
	2001/CN2439047Y	5
	2001/CN1309531A	4
	2002/CN1360685A	5 9
	2004/CN1177501C	214 214 236 621 621 621
	2001/CN1297325A	4
	2004/CN1146975C	11 15 16 17
	2004/CN1486935A	80 141 144 159 239 374 425 428 430 509 524 529 532
	2001/CN2428916Y	9
	2004/CN1162450C	270
	2000/CN1277372A	49
	2004/CN1550987A	9 47 58 61 62 127 129 195 254 265 271 305 306
	2004/CN1157338C	77 138 141 156 236 371 422 425 427 506 521 526 529
	2003/CN1123580C	323 532
	2003/CN1451029A	178
	2000/CN1266012A	26
	2005/CN1232069C	213
	2008/CN100437507C	4 11 49 60 63 64 129 131 197 256 267 273 307 308 439
	2001/CN2438166Y	6 6
<Term '服务器 数据库' freq=100 documents=33 tscore=1.000000 mscore=0.000000>
	2002/CN1379889A	916 922 937
	2002/CN1369072A	886 892 907
	2005/CN1214284C	883 889 904
	2001/CN1324038A	38
	2007/CN100338561C	846 852 867
	2002/CN1363073A	813 819 834
	2002/CN1353849A	781 787 802
	2002/CN1353845A	854 860 875
	2002/CN1367893A	812 818 833
	2002/CN1351725A	792 798 813
	2002/CN1364253A	787 793 808
	2002/CN1361899A	861 867 882
	2004/CN1176526C	281 281
	2004/CN1515989A	825 831 846
	2007/CN1310125C	905 911 926
	2008/CN100375119C	910 916 931
	2005/CN1704894A	917 923 938
	2010/CN1351725B	728 733 748
	2004/CN1175372C	843 849 864
	2009/CN100573438C	876 882 897
	2008/CN100375494C	897 903 918
	2007/CN100339228C	915 921 936
	2004/CN1507598A	260
	2002/CN1359505A	873 879 894
	2010/CN1359505B	721 726 741
	2006/CN1291347C	855 861 876
	2008/CN100359456C	868 874 889
	2002/CN1361884A	788 794 809
	2002/CN1351730A	811 817 832
	2005/CN1232069C	498 519 530 553 560 564 593 599 607 613 619
	2002/CN1364118A	838 844 859
	2010/CN1812474B	771
	2006/CN1246765C	848 854 869
<Term '解码 装置' freq=100 documents=22 tscore=0.895094 mscore=0.271800>
	2002/CN1344409A	0 6 6 50
	2001/CN1291845A	23 24 131
	2005/CN1196127C	91 130
	2008/CN100389563C	632
	2004/CN1148964C	65 67 74 75 469 481 489 498
	2004/CN1173572C	34 34
	2005/CN1187970C	18
	2002/CN1354467A	3 3 139
	2006/CN1242378C	379 385 442 543 554 558
	2008/CN100393085C	179 183 396 404 406 420 424
	2004/CN1140901C	3 131
	2006/CN1241416C	51 59 61 1393 1476 1489 1504
	2007/CN1329812C	95 95 101 103 426 427 427 428 429 433 435
	2002/CN1335983A	142
	2001/CN1309487A	621
	2005/CN1183779C	9 30 88 90 91 91 94 163 164 165 268 293
	2001/CN1291826A	10 23 91 94 99 102 164 164
	2002/CN1341328A	12 74 76 77 77 80 147 148 149 252 277
	2004/CN1148045C	53
	2004/CN1135855C	78
	2002/CN1343426A	147 155
	2006/CN1242379C	379 385 441 542 554 557
<Term '信息 处理 设备' freq=101 documents=14 tscore=0.999993 mscore=0.379300>
	2005/CN1658241A	158
	2008/CN100375077C	804 805
	2003/CN1133110C	30
	2001/CN1290893A	37 37 50 51 60 152 152 154 201
	2005/CN1681309A	491 494
	2005/CN1204543C	0 7 18 19 23 24 357 361 362 363 364 365 367 370 371
	2006/CN1269122C	40
	2001/CN1279440A	453 457 497 497 505 505 512 562 563 572
	2005/CN1209923C	362 363
	2000/CN1262536A	23 24 29 30 31 33 72
	2002/CN1340175A	438
	2006/CN1269072C	439
	2004/CN1139889C	0 5 8 9 9 12 12 13 13 13 14 14 15 15 18 909 909 913 913 915 916 921 921 923 924 929 929 936 936 942 942
	2004/CN1474981A	68 788 788 793 794 794 795 796 797 799 801 803 804 805 805 809 811 814
<Term '液晶 聚合物' freq=101 documents=15 tscore=1.000000 mscore=0.331700>
	2000/CN1270195A	95
	2001/CN1312544A	99
	2007/CN1307667C	156
	2004/CN1177236C	358
	2005/CN1224112C	43 44 106
	2006/CN1252121C	0 2 5 9 15 16 21 35 84 208 214 227 230 233 236 238 240 242 244 246 248 249 250
	2004/CN1146975C	70 148
	2001/CN1281009A	3 14 20 20 25
	2004/CN1139945C	89
	2004/CN1156733C	46 49
	2005/CN1183638C	54 66
	2009/CN100461486C	104 340
	2002/CN1343972A	0 29 60 66 68 70
	2002/CN1341171A	187 209
	2003/CN1127407C	4 4 88 89 91 93 95 100 101 102 113 116 116 117 118 119 122 125 126 131 131 138 138 358 359 361 363 365 369 371 371 382 383 385 386 386 387 388 389 392 394 396 398 403 412 412 429 431 437
<Term '电流 传感器' freq=101 documents=21 tscore=0.998300 mscore=0.319200>
	2001/CN1283795A	0 6 7 13 14 16 17 28 30 61 75 76 84 89 89 90 91
	2001/CN1314596A	8
	2006/CN1247357C	54 92 175 177 210
	2000/CN1260631A	17 17 93
	2005/CN1215640C	22 51 95 182 213 214 215 218 224 228 229 253 338 342
	2001/CN2452027Y	0 2 8 10 28
	2005/CN1232025C	11 21 22 26 63 71 136
	2002/CN1337081A	32 65 66
	2008/CN100359175C	46
	2002/CN1339859A	103
	2005/CN1217051C	25 29 49 50 69
	2005/CN1225078C	37 60
	2000/CN1275879A	74 239 239
	2001/CN2432713Y	3 3 26 26 26 27 39 39 55 55 56 69 69 69 70
	2001/CN1314595A	0 2 6 16 18 19 59 64 65
	2001/CN1288246A	37
	2004/CN1153065C	27 148
	2001/CN1292479A	46 95 113
	2006/CN1265202C	48
	2004/CN1149172C	41 86
	2000/CN1267171A	39
<Term '夹持 装置' freq=101 documents=16 tscore=0.712061 mscore=0.323200>
	2005/CN1194829C	140
	2005/CN1222409C	12 22 28 28 39 51 52 54 66 67 67 69 72 72 73 74 76 79 144 172 204 204 206 213 225 225 236 242 242
	2001/CN1293109A	10 21 26 32 39 43 43 44 46 56 57 57 59 62 62 63 64 66 69 134 162 190 192 194 199 202 203
	2002/CN1371527A	2 24 53 56
	2008/CN100369838C	13
	2007/CN1308136C	430
	2002/CN1353587A	4 7 74 74 134 140 143 170 178 183 216 223 227
	2002/CN1365314A	50
	2006/CN1289775C	45
	2003/CN1109785C	154
	2001/CN2452693Y	2 2 15 15 17 27 27
	2004/CN1497786A	2 21 23 285
	2008/CN100428571C	2 21 23
	2002/CN1365316A	70 224
	2001/CN2442363Y	2 8 13 53 61
	2009/CN100470662C	203
<Term '定位 片' freq=101 documents=22 tscore=0.999473 mscore=0.219300>
	2001/CN2419132Y	31 31 31 40 40
	2001/CN2417268Y	26 32
	2001/CN2435475Y	14 18 20 21 34 36 36 46
	2004/CN1148277C	66 93
	2002/CN2480889Y	10 10 21 24 25 25 28 28 29 31 31
	2001/CN2456512Y	13 13
	2001/CN2458656Y	10 10 34 34
	2002/CN1355367A	11 16 18
	2001/CN2454616Y	2
	2001/CN2452164Y	27
	2001/CN2412971Y	8 25
	2001/CN2428382Y	19 43
	2001/CN2414464Y	32
	2001/CN2431364Y	10 23
	2001/CN2448178Y	2 2 10 10 23 23 23 23 26 26 26 26 26 26 26 26 26 26 26 26 28 28 28 28 30 31 32
	2001/CN2448142Y	49
	2004/CN1177981C	41
	2004/CN1181254C	11 16 18
	2001/CN2446352Y	8 8 20 33 34 34
	2001/CN2415884Y	9 9 24 24 39 39
	2001/CN2447809Y	13 24 29 30 32
	2001/CN1299887A	11 12 14 31 39 46
<Term '图像 区域' freq=102 documents=14 tscore=0.548152 mscore=0.132500>
	2001/CN1322445A	657 662 662 670 682 688 688 691 831 832 834 835 836 837 871 872 888 893 905 933 933 942 942 943 943 950 950 979 999 1004 1053 1053 1053 1073 1088 1113 1132 1167 1291
	2002/CN1370309A	28
	2001/CN1292620A	261
	2002/CN1378741A	110
	2005/CN1661601A	240
	2005/CN1204543C	21
	2005/CN1209735C	49
	2008/CN100426846C	73
	2007/CN101038595A	154 155 155 164 167 169 171 178 196 196 196 201 201 201 206 206 206 211 211 211
	2004/CN1145556C	68 72 115 117 125 134 135 136 142 152 158 163 164 168 170 181 234 241 243 244
	2001/CN1315807A	40
	2008/CN100440976C	274 279 281 285 287 318 321 378 379 379 381 381 442
	2005/CN1191536C	57
	2002/CN1346316A	94
<Term '印刷 电路' freq=102 documents=34 tscore=0.998782 mscore=0.428700>
	2003/CN1434932A	81
	2005/CN1195174C	116
	2001/CN1288807A	4 13
	2001/CN1306320A	93
	2001/CN1305128A	37
	2005/CN1188333C	34
	2001/CN1280978A	398
	2003/CN1420904A	36
	2004/CN1144335C	196
	2001/CN1310344A	195
	2004/CN1156939C	54
	2005/CN1595297A	221
	2001/CN1293791A	11 11
	2005/CN1191544C	160
	2002/CN1336021A	4 19 36 91 91 131
	2005/CN1197444C	7 12 13 13 13 22 22 29 48 49 51 52 53 53
	2002/CN1360745A	231 232
	2001/CN2450712Y	8
	2002/CN1372643A	11
	2003/CN1413429A	6 13 19 25 26 27 28 29 30 31 32 34 35 37 38 47 60 62 63 66 71 74 85 88 90 90 118 140 142 144 146 148 150 152 154 158 160
	2002/CN1352815A	13
	2001/CN1294730A	62
	2001/CN2451073Y	32
	2005/CN1187778C	14
	2005/CN1192459C	119 136
	2001/CN2457842Y	4 39
	2006/CN1240879C	10
	2004/CN1169391C	11 84 85 92
	2005/CN1192963C	19 20
	2001/CN2448007Y	2 4
	2001/CN1295426A	0 6 8
	2003/CN1402753A	975
	2000/CN1277537A	30
	2001/CN1295268A	6 6 94
<Term '空气 压缩机' freq=103 documents=40 tscore=0.997088 mscore=0.392800>
	2001/CN2421537Y	26
	2001/CN2450879Y	2 2 6 8 9 15 16 19
	2004/CN1532872A	134
	2002/CN1372619A	85
	2000/CN2402686Y	5 8 8 11
	2001/CN2441038Y	5 19 49 76 79 83 129
	2001/CN1289534A	56 65
	2004/CN1168631C	18 88 110
	2001/CN2415973Y	5
	2005/CN1217751C	23 25
	2001/CN2420226Y	18 18
	2002/CN1334413A	16
	2001/CN2457164Y	7
	2001/CN2416483Y	22 24 25 42
	2004/CN1134657C	19
	2002/CN1351230A	2 3 7 35
	2001/CN2451749Y	0 2 3 4 6 11 13 14
	2001/CN2448950Y	10
	2003/CN1116125C	11
	2001/CN2415644Y	42
	2001/CN2447666Y	6 16
	2002/CN1351252A	19
	2001/CN1290622A	6 8 9 11 20 22 23 25 29 31 33 35
	2004/CN1170460C	83
	2001/CN2429311Y	26
	2001/CN2436680Y	0 2 3 5 6 16
	2001/CN2438977Y	10
	2001/CN2456037Y	13 19 20 25
	2000/CN2409163Y	4
	2003/CN1399592A	199
	2001/CN1302993A	7
	2001/CN1279318A	3 12 29
	2006/CN1234922C	128
	2000/CN2409343Y	5
	2007/CN1304718C	257
	2002/CN1336483A	31
	2001/CN2439020Y	4 5
	2001/CN1293735A	146 254
	2005/CN1215260C	16
	2002/CN1347477A	11 43 98 175 185 186
