<Term 'laser device' freq=200 documents=38 tscore=0.986379 mscore=0.328100>
	2003/US6519272B1	9 10
	2005/US6901092B2	25 26 27 27 32 32 39 39 39 61 61 65 66 66 89 108 109 109 109
	2002/US6402704B1	116
	2001/US20010030319A1	22 366 426 457 550 630 646 671 707 760 761
	2002/US6454791B1	299 333 493
	2003/US6667796B1	561
	2002/US6431732B1	56
	2003/US6586777B1	24 26 102 103 148 150 152 152 156 157 163 164 164 168 176 178 181 182 186 187 189 190 225 227 233 239 241 244 264
	2004/US6704341B1	19 20 21
	2007/US7160311B2	332
	2002/US6407535B1	194
	2004/US6726680B1	225
	2002/US6436188B1	574
	2001/US6232836B1	181
	2004/US6798808B1	176
	2003/US6639931B1	2 38 45 51 159 185 199
	2004/US6690701B2	33 35 36 37 38 41 59 62 75 80 86 94 95 97 99 99 101 101 102 102 106
	2004/US6785585B1	54
	2002/US6455930B1	41 41 77 154 155 160
	2002/US6377725B1	99
	2010/US7805764B1	92
	2003/US6628693B1	0 2 5 5 7 33 34 38 180 182
	2002/US20020114366A1	35 38 91 151 153 155 157 159 161 163 165 167
	2003/US6671301B1	196
	2002/US6430349B1	179 180 186 660 690 698
	2003/US6551334B2	330
	2001/US20010010700A1	4 174 176 178 180 182 184 186 188 190 192 194 196 198 200 202 204 206 208
	2001/US6330259B1	2 24 1132 1134 1136 1138 1140 1142 1144 1146 1148
	2004/US6704342B1	10 83 87
	2002/US6493367B1	27 171 238 316 333 371 419
	2002/US6436094B1	29
	2004/US6832047B1	75
	2004/US6686608B1	201 203
	2002/US6456793B1	118 395
	2003/US6593541B1	26 120 121
	2002/US6431720B1	2 2 14 14 17 61
	2001/US6302701B1	79
	2002/US6436129B1	229
<Term 'nozzle assembly' freq=200 documents=21 tscore=0.803851 mscore=0.272000>
	2003/US6540424B1	52 52 493
	2002/US6364218B1	6 7 8 9 12 13 15 24 26 28 57 88 89 89 89 89 98 98
	2001/US20010013316A1	334 337 340 343 356 356 359
	2002/US6398134B1	50 115 115 117 119 121 123 125
	2005/US6962152B1	149 188 188 190 192 193 193 195 197 199 199 201 201 204 206 208 211 212 212
	2001/US6220529B1	24 38
	2002/US6397405B1	136 152
	2001/US6196423B1	54 83 83 85
	2004/US6736996B1	148
	2002/US6488098B1	2 3 12 33 34
	2005/US6854825B1	222 224 235 244 248 252 258 290 300 388 400 403 405
	2003/US6669462B1	2 3 34 68 69 94 232
	2003/US6666385B1	143 144
	2001/US6213166B1	4 118 119 119 119 128 174 189 199 199 199 199 199 207
	2002/US6431472B1	2 13 13 28 33 42 94 114
	2001/US6260767B1	27
	2001/US6299494B1	0 42 44 55 56 63 67 128 131 133 196 198
	2004/US6746225B1	189
	2001/US20010011415A1	2 3 4 7 7 17 18 20 20 22 22 23 24 30 34 35 39 46 48 64 70 77 104 121 122 124 138 139 142 146 154 155 157 159 161 163 163 165 167 169 169 169 171 171 171 173 173 175 177 179 181 183 185 187 189 191 193 194
	2003/US6602249B1	178 180 182 184 186 188 190 192 194 196 198 200 202
	2001/US6325070B1	31 32
<Term 'analog converter' freq=200 documents=78 tscore=0.647662 mscore=0.000000>
	2004/US6744390B1	158 177 179 220 222
	2002/US6463211B1	45
	2006/US7016599B2	328
	2001/US6292120B1	4 6 7 35 37 38 107 108 141 161 278 282 282 282 294 306 306 306
	2002/US6457367B1	141
	2006/US7054658B1	217
	2004/US6754150B1	120
	2002/US6459400B1	46
	2002/US20020073963A1	61
	2001/US20010006550A1	71 75 136 148 168
	2001/US20010016804A1	522 525
	2003/US6654956B1	205 205
	2002/US6359579B1	23 49 164 174 263
	2002/US6407325B2	126 166 188
	2002/US6493177B1	128
	2002/US20020118767A1	114
	2002/US6480067B1	115
	2006/US7029628B2	343
	2002/US6388388B1	201 389
	2007/US7162035B1	1198
	2005/US6931268B1	129 259 260
	2002/US6381575B1	186 214
	2004/US6738482B1	267
	2008/US7366595B1	651 991 1130 1213
	2004/US6738440B1	634 924
	2002/US20020113726A1	90
	2002/US6384650B1	11 55 103
	2001/US6268815B1	3 24 28 213
	2003/US6519055B1	631 1028
	2008/USRE040242E	1988
	2002/US6414661B1	163 164
	2006/US7146008B1	145
	2005/US6937865B1	144 150 152
	2001/US6320827B1	98
	2002/US6466817B1	96
	2004/US6735246B1	337
	2001/US6252380B1	58 67 69 70
	2006/US7002561B1	103 566
	2002/US20020094512A1	69
	2003/US6532019B1	29 273
	2003/US6592524B2	75
	2006/US7016508B1	71 94
	2002/US6463266B1	498 511
	2001/US6295922B1	93
	2001/US20010006887A1	35 142
	2005/US6944591B1	30 145 145
	2006/US7027061B1	103 566
	2006/US6982766B1	5 36 39 42 100 102 168 251 253 255 255
	2009/USRE041001E	1988
	2004/US6762741B2	608 675
	2005/US6879817B1	812
	2004/US6738096B1	249
	2006/US7095802B1	27 238 306 313 313 315
	2005/US6975585B1	213
	2007/US7231197B1	167
	2008/US7463733B2	86 91 99 139 141
	2003/US6567021B1	2
	2006/US7080183B1	18
	2006/US7143128B1	113
	2004/US6807406B1	38
	2003/US6606916B2	667
	2008/US7336788B1	206
	2002/US6337651B1	24 50 139 149 228
	2002/US6420934B1	91
	2001/US6246439B1	87
	2010/US7702403B1	89 198
	2001/US6300723B1	90
	2002/US6388618B1	574
	2005/US6876365B1	35 152
	2003/US6639535B1	0
	2008/US7349988B1	78
	2002/US6392496B1	22 47 135 135 151
	2006/US7103276B1	103
	2005/US6873278B1	16 19 47 48 49 52 53 565 616 779 785 792
	2007/US7158127B1	103 566
	2003/US6531974B1	2 2 25 149 149 151 153 157 157 159 161 165 165 165
	2004/US6760276B1	485 485
	2006/US6990208B1	248 307 308 312 868 869
<Term 'reflective coating' freq=201 documents=57 tscore=0.999986 mscore=0.427900>
	2002/US20020071645A1	87
	2003/US6511475B1	410 411
	2002/US6364513B1	58
	2003/US6519272B1	91
	2003/US6517915B1	190 190 192
	2001/US20010031125A1	113
	2003/US6508558B1	25
	2002/US6369391B1	77 78 115 213 213 214 315
	2002/US20020105741A1	524 574 574 587 615 814 835 854 942 950 997 1028 1034 1053
	2004/US6834064B1	178
	2002/US6445858B1	222
	2002/US6384764B1	112
	2003/US6556228B1	274
	2004/US6679618B1	286
	2003/US6665076B1	98 108 108 118 141 143
	2002/US20020003643A1	234 257 288 307
	2002/US20020080349A1	423
	2004/US6690055B1	132
	2002/US6428471B1	235
	2002/US6445122B1	144
	2002/US20020171918A1	5 179
	2002/US6486996B1	269 273
	2002/US6451402B1	32 94 99 104 109 402 418 434 450
	2003/US6530668B2	11 18 33
	2002/US6403923B1	10
	2001/US20010015398A1	62 66 70
	2002/US20020062949A1	111 121
	2004/US6706339B1	162
	2001/US6254243B1	157
	2002/US20020062589A1	180
	2001/US6188185B1	69 213 213 213 241 241 241
	2003/US6569786B1	24 34
	2002/US6417523B1	6 83 95
	2002/US6396618B1	100 113
	2002/US6369390B1	44 328
	2003/US6631113B1	101
	2006/USRE039044E	411 1036 1039 1053 1061 1119 1124 1280 1302 1716 1723 1730 1735 1756 1841 1841
	2003/US6574174B1	70
	2001/US6310844B1	122
	2001/US20010010700A1	92
	2005/US6856695B1	41
	2001/US6330259B1	417
	2008/US7347572B1	4 156
	2001/US6243201B1	3 28 28 28 29 41 41 45 96 97 132 136 139 140 154 161 161 166 166 181 218 243 298 304 306 308 310 312 312 312 316 320 326
	2004/US6678291B2	349
	2004/US6705740B1	13
	2003/US6631302B1	184
	2002/US6388780B1	235
	2001/US20010028671A1	34
	2003/US6528782B1	102
	2006/US7097656B1	73 123 151
	2002/US6352803B1	92
	2001/US6239916B1	79
	2003/US6538817B1	280 282 437 437 437
	2002/US20020085823A1	125 127
	2002/US20020028635A1	116
	2002/US6400509B1	3 3 4 63 63 65 68 69 69 70 85 88 94 119 127 128 129 147 151 151 153 155 157 159 161 161 163 165 167 171 173 175 177 181
<Term 'thermal contact' freq=201 documents=57 tscore=0.999433 mscore=0.357100>
	2001/US6262357B1	31
	2003/US6599488B2	69
	2002/US6399361B2	1345
	2003/US6511475B1	145 146 149 170 514
	2003/US6623701B1	51
	2003/US6544583B2	164
	2001/US6270848B1	74
	2002/US6430987B1	121
	2002/US20020116933A1	55 55 64 65 158 162 204 204 220 221 559 559 561 561 617 617 644 650 650
	2002/US20020117622A1	855 1094
	2002/US6428987B2	276 286
	2004/US6834064B1	276
	2002/US6392891B1	4 5 44 45 50 51 55 57 57 98 101 101 103 103 110 111 117 119 184 186 192 204 204 211 213 221 224 230 232 235
	2001/US6211656B1	2 10 18 27 183 183 191
	2002/US6494249B1	18
	2003/US6620189B1	90 102 484 678 1173 1175
	2001/US6272873B1	9 11 63 65 128 128
	2001/US6206973B1	28
	2004/US6780301B1	986
	2001/US6252774B1	105
	2002/US6361311B1	34 86
	2001/US6274856B1	283
	2002/US20020079088A1	104 239
	2002/US6334890B1	50
	2001/US6323781B1	161
	2002/US6403876B1	305
	2003/US6548894B2	19
	2001/US20010038310A1	139
	2001/US6245151B1	124 124
	2001/US6287373B1	42
	2002/US6349035B1	21 30 34 39 43 47 59 116 132
	2002/US6367304B1	40
	2001/US6328097B1	18
	2002/US6416895B1	168
	2004/US6735848B1	8 126 144 308 319 471 473 497
	2003/US6504243B1	36
	2004/US6691766B1	4 32 39 59 74 91
	2001/US6308518B1	370 374
	2001/US6307749B1	66
	2002/US6377461B1	14
	2004/US6792125B1	25 26 78 89 90 113 123 125 127 133 149 165 167 169 169 169
	2001/US6300528B1	44
	2003/US6639799B2	194 296
	2004/US6712486B1	32 378 426 438
	2002/US6341496B1	59
	2001/US20010000880A1	43 102 202 206
	2001/US20010011415A1	41 197
	2001/US6284643B1	0 2 3 6 7 11 12 13 14 50 53 54 56 59 60 63 63 91 93
	2002/US6436094B1	124 195 197 225 227
	2001/US20010001292A1	320 365
	2006/US7097656B1	237
	2002/US6381255B1	153
	2001/US6327793B1	101
	2002/US20020085069A1	16
	2001/US6309810B1	436 467
	2002/US6396191B1	2668 2672 2694 3087 3087
	2001/US6240835B1	36
<Term 'optical transmitter' freq=201 documents=31 tscore=0.994775 mscore=0.272300>
	2002/US6445858B1	8 9
	2004/US6826369B1	43 43 489
	2002/US20020071463A1	499
	2006/US7050721B1	2 20 22 66 81 81
	2002/US6445496B1	18
	2004/US6819877B1	8 17 34 34 126 126
	2005/US6915075B1	5 42 46 53 54 55 96 213 222 222 222 222 222 222 222 226 226 230 230 245 254 254 254 254 254 254 254 258 258 262 262
	2002/US6400278B1	70
	2003/US6526209B1	484
	2005/US6909854B1	19 23 24 26 37 39 41 168 169 192 193 201 202 213 280 314 340 342 376
	2002/US6402393B1	183 187
	2004/US6684005B1	161 165 169
	2003/US6559437B1	72 137
	2004/US6728486B1	415 417 515 570 578 580 580
	2007/US7218854B1	112 169
	2003/US6542290B1	10 20 144
	2002/US6461329B1	245 251 252 253
	2006/US7133399B1	109 110
	2004/US6690884B1	33
	2004/US6710322B1	3 3 16 16 23 40 66 85 85 97 103 103 105 105
	2004/US6714739B1	2 20 283
	2004/US6728490B1	0 2 4 15 16 34 35 36 45 46 49 49 50 59 63 65 67 69 82 148 152 161 165 174 178 284 290 292 294 296 298 300 302 304 304 304 306 308 308
	2002/US20020076841A1	25 203 203 217
	2002/US6501871B1	166
	2004/US6832047B1	6 75 82 82 97 97 107 107 128 128 135 135 147 147 158 158 168 168 176 176 187 187 194 194 244 545 549 553
	2004/US6704519B1	137
	2003/US6512628B1	116 622 969
	2003/US6526076B2	329 335
	2006/US6985669B1	97
	2001/US6239916B1	2 23 24 28 30 34 50
	2004/US6804312B1	59
<Term 'photoinitiators' freq=201 documents=56 tscore=0.989203 mscore=0.269400>
	2003/US6551710B1	574
	2004/US6800671B1	201 202 203
	2002/US6358660B1	228 234
	2003/US6509389B1	87
	2001/US6268403B1	106
	2002/US6410130B1	379 448 548 554 554
	2001/US20010007880A1	0 5 59 60 62 65 71 74 75 87 88 89 90 92 93 95 97 99 108 109 110 524 663 668
	2004/US6710126B1	175 278 567
	2002/US6426034B1	64 65 82
	2002/US6380277B1	14 16 16 133 161 189
	2003/US6527897B1	19 139
	2003/US6541553B1	209 217 219
	2003/US6555283B1	213
	2003/US6544715B2	76 76
	2002/US6455121B1	137 279 280 284
	2002/US6375866B1	139
	2002/US6488882B2	75 133 135 136 139 303 341
	2001/US20010038967A1	183 183
	2003/US6630242B1	50 78 231 232 234 235 242 486
	2002/US6358612B1	198 204
	2002/US6441213B1	42 44
	2002/US6376568B1	8 10 16 24 28 30 48 134 188 192 197 198 228 232 232 237 237 247 412 416 444 480 481 482 486 486 837 839
	2002/US6353037B1	24 25 26 141 369 370 376 380 411 412 415
	2002/US6427597B1	133 134 137
	2003/US6525153B1	136
	2001/US6331058B1	187 198 203 205 205 206 446 465
	2004/US6692802B1	169 170
	2002/US6423381B1	48 59 60 62 63
	2002/US6440340B1	442
	2003/US6509128B1	253
	2002/US6495298B1	165
	2002/US6468708B1	240 257
	2002/US6500534B1	142
	2002/US6403674B1	72
	2002/US6361868B1	204 210
	2004/US6730363B1	189 190 192 197 367 375
	2003/US6528602B1	75 77
	2004/US6749813B1	150
	2009/US7521519B1	201 261
	2002/US20020136890A1	23 171 538
	2003/US6624915B1	158
	2003/US6610772B1	203 204 205 207
	2006/US7144927B1	24
	2007/US7247390B1	149 151 153 156 159 161
	2001/US6307001B1	64 66
	2002/US6421107B1	93
	2003/US6663646B1	68
	2000/US6165564A	62 72 124 131
	2001/US6291543B1	58
	2002/US6424786B1	172
	2002/US20020045699A1	70
	2002/US6407035B1	46
	2002/US6395429B1	149
	2004/US6740399B1	191
	2003/US20030099831A1	167 168 169 175 311 312 313 321 322
	2002/US6410205B1	50 144
<Term 'band pass filter' freq=201 documents=53 tscore=0.976398 mscore=0.258000>
	2006/US7117022B2	52 52 116 219 220 221 246 261 283
	2007/US7257220B1	141 149 149 150 161 163 163
	2001/US6327036B1	488 504
	2001/US6303927B1	228 234 235
	2005/US6915146B1	81
	2004/US6804188B1	394
	2002/US6445848B1	68 69 71 73
	2004/US6697439B1	4 127 127 277 277
	2001/US6313699B1	896 896
	2005/US6842785B1	138
	2005/US6950520B1	200
	2004/US6774744B1	134 134 141 142
	2006/US6995806B1	28 36 39 68 76 78 79 80
	2002/US6440129B1	227
	2003/US6515270B1	171
	2001/US20010000698A1	36 71 74 80 83 159 162 179 238 241 247 281 284
	2003/US6504446B1	21 208 241 350 357 361 375 379
	2002/US20020044596A1	139 139
	2006/US6999535B1	54 55 56 57 68 69 70 74 75 134 135 136 144
	2002/US6397656B1	3 33 313
	2003/US6563397B1	375 429
	2004/US6721121B1	98
	2001/US6315731B1	24 120
	2001/US6310843B1	18 134
	2010/US7689437B1	282
	2008/USRE040242E	1541
	2006/US7079195B1	60 183 220 254
	2002/US6396392B1	27
	2007/US7266209B1	38 39 40 40 41 55 58 79 144 144
	2002/US6415217B1	65 65 66 70 72
	2005/US6937672B1	264
	2005/US6850882B1	121
	2002/US6463775B1	72 79 86 93 94 262 397 467 497 507
	2004/US6697540B1	2 20 63
	2004/US6741641B1	237
	2009/USRE041001E	1542
	2002/US20020128643A1	250 251
	2004/US6760446B1	90
	2002/US6472864B1	162 183
	2003/US6508110B1	6 62 71 196 204
	2003/US6546270B1	410
	2001/US20010001573A1	35 35 126 152 153 154 158 158 161 165 166 167
	2002/US6495972B1	117 130
	2002/US6380692B1	336 338
	2010/US7702403B1	327 444 449 450
	2002/US6392397B1	98 98 103 358
	2002/US6388618B1	275 277 279 280
	2002/US6369880B1	170 170 170 170 172 172 172 172 174
	2004/US6745095B1	317 365 365
	2004/US6819767B1	20 38 136 152 164 176 256 256 258
	2004/US6714652B1	76 77 264 276
	2002/US20020073434A1	303
	2002/US20020084856A1	22
<Term 'transmission channel' freq=201 documents=68 tscore=0.904032 mscore=0.300700>
	2005/US6965636B1	32 139 145 148
	2002/US6351497B1	110
	2001/US6266795B1	198
	2002/US20020080450A1	719
	2003/US6512795B1	2
	2006/US7016599B2	303
	2002/US20020037727A1	136
	2002/US20020108089A1	73 263 280
	2003/US6573947B1	3 31 69 106
	2009/US7505921B1	147 160
	2002/US6438173B1	78 78
	2002/US6476752B1	88 89
	2002/US6363107B1	1549 1564
	2005/US6968024B1	19 20 26 29
	2004/US6724981B1	5 5 31 32 32 33 33 142 144 152 154 166 166 167 170 174 175 178 178 182 198 200 200 202 202 206 220
	2004/US6785545B1	9 16 17 22
	2003/US6516093B1	214
	2002/US6347155B1	455
	2004/US6765894B1	185 246 248 383 458 460
	2005/US6882618B1	80 667 711 753
	2005/US6940933B1	14
	2003/US6556638B1	163 172
	2003/US6671284B1	56
	2003/US6625236B1	25
	2001/US20010031092A1	8
	2006/US7046811B1	53
	2007/US7209737B2	53
	2001/US6169454B1	12
	2002/US20020154705A1	196 197 388 620
	2002/US6456670B1	12 55 62
	2003/US6532365B1	154
	2004/US6785465B1	608 611
	2004/US6785236B1	16 108
	2005/US6842871B2	439
	2005/US6870882B1	23 37 38 49 118 192 192 192 211
	2004/US6807164B1	161
	2005/US6839357B1	88
	2004/US6757547B1	27
	2003/US6631167B1	12
	2004/US6810273B1	118
	2003/US6522152B1	63
	2001/US20010000220A1	19 52 338 342 376 376
	2005/US6925062B2	141 142 162 165
	2003/US6625682B1	297
	2002/US6463266B1	216 218 222
	2004/US6810089B2	18 248 258
	2004/US6704578B2	56
	2004/US6754278B1	12 18
	2004/US6801665B1	691
	2004/US6836648B1	31 32 47 48 50 61 65 66 72 109 109 112 114 115 139 140 142 144
	2003/US6532483B1	24 52 54 141
	2006/US7027981B2	15
	2002/US6459909B1	23 31
	2003/US6577710B1	134
	2003/US6594528B1	12
	2002/US6392598B1	236 238
	2004/US6775320B1	36
	2003/US6512737B1	77 78 444
	2004/US6785291B1	281
	2001/US20010046876A1	50
	2004/US6826153B1	118
	2003/US6519051B1	425
	2005/US6876672B1	7 12 22 29 60 60 90 119 138 164 179 218 218 221 221 226 226 230 230 240 247 247 250 250 255 255 259 259 268
	2004/US6678657B1	17
	2003/US6549697B1	88
	2004/US6701466B1	13
	2003/US6510142B1	54
	2001/US20010006891A1	53
<Term 'optical sensors' freq=201 documents=72 tscore=0.999924 mscore=0.281900>
	2002/US6461144B1	39 53
	2002/US6415469B1	105
	2006/US6992699B1	133
	2003/US6541171B1	250
	2002/US6457883B1	7
	2001/US20010007295A1	105 106 107 112
	2002/US6446522B1	82
	2002/US6388565B1	83 111
	2002/US6384473B1	24
	2003/US6627904B1	36 171
	2003/US6602806B1	138
	2002/US20020148117A1	79 79 80
	2005/US6909516B1	105 167 168 168 168 168 168 168 168 238 302 308 308 310 310 312 320
	2006/US7082578B1	92 667
	2004/US6686911B1	575
	2003/US6618038B1	49
	2006/US7061630B2	35
	2001/US6231678B1	98 236
	2002/US6491216B1	121
	2004/US6677858B1	1205
	2005/US6976035B1	6
	2003/US6586257B1	233
	2005/US6957921B1	115
	2004/US6728565B2	60
	2001/US6299104B1	201
	2005/US6955253B1	242 245 294 447
	2007/US7162035B1	1210 1211
	2005/US6980684B1	700 1996
	2002/US20020024595A1	178
	2003/US6644642B1	41
	2001/US6320538B1	296 296
	2002/US20020020266A1	206
	2003/US6525677B1	3 4 141 142 142 160 323 332 342 364 367 385 393 405 411 411 413 413 415 415 417 417 425 427 427 429 429 431 431 433 441 441
	2002/US6377772B1	262
	2005/US6944516B1	96
	2003/US6528760B1	225
	2010/US7689437B1	573 585 628 640
	2002/US6473674B1	37
	2003/US6652810B1	9
	2005/US6903721B2	216
	2002/US6380725B1	336 336 336 340 340 340
	2002/US6500151B1	89 105 109 109
	2002/US6430349B1	108
	2003/US6549935B1	8
	2001/US6332091B1	366
	2002/US6371478B1	207
	2001/US20010000497A1	372
	2001/US6305234B1	123
	2006/US7062651B1	7
	2001/US6259382B1	671
	2002/US6481705B1	21
	2002/US6425952B1	59
	2001/US6330501B1	156 157 656
	2003/US6649808B1	138
	2002/US6380501B1	62
	2002/US6476378B2	105
	2001/US6303501B1	113 137
	2002/US6476375B1	10
	2003/US6629011B1	172
	2002/US6471030B1	407
	2001/US20010003958A1	98 98 99 100 129 129 130 131 134 215 252 259 282 295 299 340 340 361 361
	2003/US6594614B2	49
	2004/US6703241B1	237
	2006/US7114386B1	14 112 112
	2002/US6365891B1	166 167 173 174 336 1288 1290
	2001/US6231197B1	2 2 2 21 21 21 22 22 26 37 39 65 66 103 103 103
	2002/US6415996B1	150
	2003/US6507777B1	61 62
	2001/US6253134B1	153 154 658
	2002/US6382062B1	204
	2002/US6483959B1	10 142
	2003/US6597020B1	50 56 58 67 108 126 130 136
<Term 'polyimide resin' freq=201 documents=68 tscore=0.563262 mscore=0.269700>
	2002/US6378415B1	8 79 128 130 135 137 142 144 157 199
	2007/US7232742B1	634
	2002/US6468707B1	283
	2011/US7916492B1	312 333
	2003/US6599589B1	80 81
	2001/US6319162B1	23
	2008/US7456430B1	316
	2004/US6791194B1	98
	2003/US6509630B1	166 277
	2001/US6285433B1	26
	2002/US20020074502A1	62 71 102 104 106
	2008/US7425931B1	219 230
	2001/US20010015618A1	148
	2002/US20020135854A1	342
	2002/US6467669B1	84 211 268
	2002/US6396155B1	89 105
	2002/US6342727B1	181
	2001/US6222600B1	347
	2003/US6633075B1	214 262
	2001/US20010018002A1	107
	2001/US20010022485A1	149 307 437
	2002/US6429382B1	57 70 76
	2003/US6671446B1	111
	2003/US6512510B1	46 47 77 103 143
	2002/US6451441B1	174
	2007/US7167224B1	2438
	2003/US6627277B1	116
	2004/US6697261B2	18 171 230
	2001/US20010004487A1	150
	2003/US6621154B1	111
	2001/US20010026567A1	61 209 270 424 434
	2002/US6335417B1	0 2 5 15 15 17 19 23 25 25 25 25 26 29 31 32 32 33 44 51 56 64 71 77 81 89 127 133 145 158
	2004/US6775149B1	117
	2002/US6455192B1	37 60
	2002/US6437847B1	187
	2001/US6281552B1	358
	2003/US6621542B1	275 322 614 640
	2003/US6617074B1	238
	2002/US6358629B1	3 19 20 21 42 44 45 70 161 164 164 166 172 174
	2002/US6418292B1	271 272
	2002/US6346730B1	416
	2002/US6408146B1	322
	2001/US6249331B1	29 34 36
	2002/US6451418B1	41 42 149 157
	2002/US6437848B1	119
	2002/US6348741B1	118 119
	2002/US6480012B1	26
	2002/US6340546B1	192
	2003/US6566174B1	243 245 431
	2003/US6529650B1	66 108 109
	2002/US6475590B1	118
	2001/US6331226B1	89
	2003/US6605522B1	73 79 82 92 100 100
	2002/US6472726B1	137
	2001/US6248655B1	432 539 827
	2003/US6517961B1	123
	2002/US6342193B1	160
	2002/US6475024B1	122
	2001/US20010020731A1	129 225
	2002/US6461899B1	530
	2001/US6204552B1	187 188 482 484 560 561 562 930 988 989 995 999 1025
	2003/US6555755B1	127 177 252
	2004/US6801118B1	122 191 244 247 256 258 261 480 491 514
	2009/USRE040961E	269
	2002/US6348650B1	88 117 267 300 442 570 609
	2003/US6621173B1	43 61
	2004/US6739040B1	59
	2003/US6514433B1	18 43 93 96
<Term 'in situ hybridization' freq=201 documents=93 tscore=0.990302 mscore=0.272300>
	2002/US20020086980A1	1552
	2001/US20010044134A1	1137 1139 1231
	2007/US7186885B1	291
	2008/US7321074B1	109 365 683 811
	2004/US6821759B1	841 1500
	2007/US7262055B2	456
	2004/US6699980B1	428
	2004/US6673344B1	351
	2002/US6479270B1	568
	2001/US20010011131A1	80 341 347
	2003/US6503733B1	98 569
	2009/US7638324B2	276
	2004/US6743602B1	148 149 257 481 740 775
	2003/US20030064919A1	1310
	2002/US20020086400A1	768
	2004/US6812382B1	138
	2004/US20040204349A9	2384 3338
	2002/US20020123138A1	91
	2008/US7396810B1	464
	2006/US7045496B1	461
	2007/US7223724B1	461
	2002/US20020168637A1	667
	2006/US7105647B1	354
	2003/US6660841B1	192 279 280
	2002/US6383796B1	330
	2003/US6562956B1	13 53 232
	2006/US6986997B1	199 201 203 206 208
	2002/US20020052034A1	560
	2003/US6617144B1	316
	2009/US20090093620A1	828 832 837 840 846 846 846 849 851
	2003/US6638733B1	66 400 890 891 892
	2004/US6774217B1	725 973
	2003/US6506569B1	173 304 2896
	2002/US6476007B2	178
	2002/US6379904B1	696
	2002/US6455754B1	114 276 278 302 581
	2001/US6329152B1	11 12 15 32
	2006/US7132509B2	401
	2004/US6818751B1	1520
	2002/US6395496B1	39 44 48 56 62 113 125 126
	2008/US7317099B2	61 1657 1666
	2003/US6630325B1	727 1346 1401
	2002/US6489453B1	92 416 427 428 429 964 965 966
	2003/US6555335B1	429
	2003/US6638264B1	184 237 462 516
	2005/US6864224B1	58 190 1232 1235
	2004/US6821770B1	21 26
	2004/US6759221B1	779
	2002/US6344353B1	681
	2001/US20010053844A1	618
	2002/US6413726B1	576
	2002/US6338962B1	477 482
	2005/US6972197B1	869
	2006/US7025962B1	861
	2002/US6387679B1	320
	2002/US20020081678A1	832
	2008/US7393921B2	622
	2003/US6559354B1	107
	2003/US6506580B1	79
	2002/US20020104118A1	806 807 958
	2004/US6783973B1	200
	2002/US6500942B1	246
	2003/US6656716B1	243
	2002/US6353152B1	118 340 341
	2003/US20030083478A1	1371 1394
	2002/US20020013452A1	554 557 1134 1145
	2003/US6514741B1	1179
	2002/US6429302B1	525
	2004/US6808879B1	3 30 34 38
	2002/US20020081648A1	797
	2001/US6326168B1	218 283 293
	2001/US6312924B1	1262
	2003/US6627425B1	791
	2004/US6730658B1	69 990 991 992 1229 1243 1244
	2003/US6576745B1	302 558
	2003/US6570002B1	216 718
	2004/US6696260B1	129
	2005/US6878687B1	4142
	2003/US6503540B1	295 296 364 365 366
	2002/US6379941B1	319
	2003/US6593086B2	274 533 567
	2003/US6548292B1	180
	2004/US6756477B1	1351
	2006/US7118740B1	81 446
	2006/US7098196B1	790
	2004/US6738502B1	43 1064 1123 1203
	2001/US20010043884A1	295
	2002/US6403785B1	240
	2003/US6582910B1	304
	2004/US6689866B1	1594
	2002/US6492144B1	347
	2003/US6534266B1	22 77 156 158 158 171 247
	2006/US7084267B1	461
